1 0.6137931034482759
2 0.6137931034482759
3 0.6137931034482759
4 0.8482758620689655
5 0.8482758620689655
6 0.8482758620689655
7 0.8482758620689655
8 0.8482758620689655
9 0.8482758620689655
10 0.9057471264367816
11 0.7402298850574712
12 0.7402298850574712
13 0.7402298850574712
14 0.7402298850574712
15 0.7402298850574712
16 0.7402298850574712
17 0.7402298850574712
18 0.7402298850574712
19 0.7402298850574712
20 0.7402298850574712
21 0.7402298850574712
22 0.7402298850574712
23 0.7402298850574712
24 0.7402298850574712
25 0.7402298850574712
26 0.7402298850574712
27 0.9149425287356322
28 0.9149425287356322
29 0.9149425287356322
30 0.9149425287356322
31 0.9149425287356322
32 0.9149425287356322
33 0.9149425287356322
34 0.9149425287356322
35 0.9149425287356322
36 0.9149425287356322
37 0.9149425287356322
38 0.9149425287356322
39 0.9149425287356322
40 0.9149425287356322
41 0.9149425287356322
42 0.9149425287356322
43 0.9149425287356322
44 0.9149425287356322
45 0.9149425287356322
46 0.9149425287356322
47 0.8873563218390804
48 0.8873563218390804
49 0.8873563218390804
50 0.8873563218390804
51 0.8873563218390804
52 0.9241379310344827
53 0.9080459770114943
54 0.9149425287356322
55 0.9149425287356322
56 0.9149425287356322
57 0.9149425287356322
58 0.9149425287356322
59 0.9149425287356322
60 0.9149425287356322
61 0.9149425287356322
62 0.9287356321839081
63 0.9287356321839081
64 0.9425287356321839
65 0.9425287356321839
66 0.9425287356321839
67 0.9425287356321839
68 0.9425287356321839
69 0.9425287356321839
70 0.9425287356321839
71 0.9425287356321839
72 0.9425287356321839
73 0.9425287356321839
74 0.9425287356321839
75 0.9425287356321839
76 0.9425287356321839
77 0.9425287356321839
78 0.9425287356321839
79 0.9425287356321839
80 0.9425287356321839
81 0.9425287356321839
82 0.9425287356321839
83 0.9425287356321839
84 0.9425287356321839
85 0.9425287356321839
86 0.9425287356321839
87 0.9425287356321839
88 0.9425287356321839
89 0.9425287356321839
90 0.9425287356321839
91 0.9425287356321839
92 0.9425287356321839
93 0.9425287356321839
94 0.9425287356321839
95 0.9425287356321839
96 0.9425287356321839
97 0.9425287356321839
98 0.9425287356321839
99 0.9425287356321839
100 0.9425287356321839
101 0.9425287356321839
102 0.9425287356321839
103 0.9425287356321839
104 0.9425287356321839
105 0.9172413793103448
106 0.9172413793103448
107 0.9172413793103448
108 0.9172413793103448
109 0.9517241379310345
110 0.9517241379310345
111 0.9517241379310345
112 0.7080459770114943
113 0.7080459770114943
114 0.7080459770114943
115 0.9517241379310345
116 0.9517241379310345
117 0.9517241379310345
118 0.9517241379310345
119 0.9517241379310345
120 0.9517241379310345
121 0.9517241379310345
122 0.9517241379310345
123 0.9517241379310345
124 0.9517241379310345
125 0.9517241379310345
126 0.9517241379310345
127 0.9517241379310345
128 0.9517241379310345
129 0.9517241379310345
130 0.9517241379310345
131 0.9517241379310345
132 0.9517241379310345
133 0.9517241379310345
134 0.9517241379310345
135 0.9517241379310345
136 0.9517241379310345
137 0.9517241379310345
138 0.9517241379310345
139 0.9517241379310345
140 0.9517241379310345
141 0.9517241379310345
142 0.9517241379310345
143 0.9517241379310345
144 0.9517241379310345
145 0.9517241379310345
146 0.9517241379310345
147 0.9517241379310345
148 0.9517241379310345
149 0.9517241379310345
150 0.9517241379310345
151 0.9517241379310345
152 0.9517241379310345
153 0.9517241379310345
154 0.9517241379310345
155 0.9517241379310345
156 0.9517241379310345
157 0.960919540229885
158 0.960919540229885
159 0.960919540229885
160 0.960919540229885
161 0.960919540229885
162 0.960919540229885
163 0.960919540229885
164 0.960919540229885
165 0.960919540229885
166 0.960919540229885
167 0.960919540229885
168 0.960919540229885
169 0.960919540229885
170 0.960919540229885
171 0.960919540229885
172 0.960919540229885
173 0.960919540229885
174 0.960919540229885
175 0.960919540229885
176 0.960919540229885
177 0.9287356321839081
178 0.9287356321839081
179 0.9287356321839081
180 0.9287356321839081
181 0.9287356321839081
182 0.9287356321839081
183 0.9540229885057471
184 0.9540229885057471
185 0.9540229885057471
186 0.9540229885057471
187 0.9540229885057471
188 0.9379310344827586
189 0.9379310344827586
190 0.9379310344827586
191 0.9379310344827586
192 0.9379310344827586
193 0.9379310344827586
194 0.9379310344827586
195 0.9379310344827586
196 0.9379310344827586
197 0.9379310344827586
198 0.9379310344827586
199 0.9379310344827586
200 0.9517241379310345
201 0.9517241379310345
202 0.9517241379310345
203 0.9517241379310345
204 0.9517241379310345
205 0.9517241379310345
206 0.9517241379310345
207 0.9517241379310345
208 0.9517241379310345
209 0.9517241379310345
210 0.9517241379310345
211 0.9517241379310345
212 0.9517241379310345
213 0.9517241379310345
214 0.9517241379310345
215 0.9517241379310345
216 0.9517241379310345
217 0.9494252873563218
218 0.9517241379310345
219 0.9517241379310345
220 0.9517241379310345
221 0.9517241379310345
222 0.9517241379310345
223 0.9517241379310345
224 0.9517241379310345
225 0.9517241379310345
226 0.9517241379310345
227 0.9517241379310345
228 0.9517241379310345
229 0.9517241379310345
230 0.9517241379310345
231 0.9517241379310345
232 0.9517241379310345
233 0.9517241379310345
234 0.9517241379310345
235 0.9517241379310345
236 0.9517241379310345
237 0.9517241379310345
238 0.9517241379310345
239 0.9517241379310345
240 0.9517241379310345
241 0.9517241379310345
242 0.9517241379310345
243 0.9517241379310345
244 0.9517241379310345
245 0.9448275862068966
246 0.9448275862068966
247 0.9448275862068966
248 0.9448275862068966
249 0.9448275862068966
250 0.9448275862068966
251 0.9448275862068966
252 0.9448275862068966
253 0.9448275862068966
254 0.9448275862068966
255 0.9448275862068966
256 0.9448275862068966
257 0.9448275862068966
258 0.9448275862068966
259 0.9448275862068966
260 0.9448275862068966
261 0.9448275862068966
262 0.9448275862068966
263 0.9448275862068966
264 0.9448275862068966
265 0.9448275862068966
266 0.9448275862068966
267 0.9448275862068966
268 0.9448275862068966
269 0.9448275862068966
270 0.9448275862068966
271 0.9448275862068966
272 0.9448275862068966
273 0.9448275862068966
274 0.9448275862068966
275 0.9448275862068966
276 0.9448275862068966
277 0.9448275862068966
278 0.9448275862068966
279 0.9448275862068966
280 0.9448275862068966
281 0.9448275862068966
282 0.9448275862068966
283 0.9448275862068966
284 0.9448275862068966
285 0.9448275862068966
286 0.9448275862068966
287 0.9448275862068966
288 0.9448275862068966
289 0.9448275862068966
290 0.9448275862068966
291 0.9448275862068966
292 0.9218390804597701
293 0.9218390804597701
294 0.9218390804597701
295 0.9218390804597701
296 0.9218390804597701
297 0.9218390804597701
298 0.9218390804597701
299 0.9218390804597701
300 0.9563218390804598
301 0.9563218390804598
302 0.9563218390804598
303 0.9563218390804598
304 0.9563218390804598
305 0.9563218390804598
306 0.9563218390804598
307 0.9563218390804598
308 0.9563218390804598
309 0.9563218390804598
310 0.9563218390804598
311 0.9563218390804598
312 0.9563218390804598
313 0.9563218390804598
314 0.9563218390804598
315 0.9563218390804598
316 0.9563218390804598
317 0.9563218390804598
318 0.9563218390804598
319 0.9563218390804598
320 0.9563218390804598
321 0.9563218390804598
322 0.9563218390804598
323 0.9563218390804598
324 0.9563218390804598
325 0.9563218390804598
326 0.9402298850574713
327 0.9402298850574713
328 0.9402298850574713
329 0.9402298850574713
330 0.9402298850574713
331 0.9402298850574713
332 0.9402298850574713
333 0.9402298850574713
334 0.9402298850574713
335 0.9402298850574713
336 0.9402298850574713
337 0.9402298850574713
338 0.9402298850574713
339 0.9402298850574713
340 0.9402298850574713
341 0.9402298850574713
342 0.9402298850574713
343 0.9402298850574713
344 0.9402298850574713
345 0.9402298850574713
346 0.9402298850574713
347 0.9402298850574713
348 0.9402298850574713
349 0.9402298850574713
350 0.9402298850574713
351 0.9701149425287356
352 0.9701149425287356
353 0.9701149425287356
354 0.9701149425287356
355 0.9701149425287356
356 0.9701149425287356
357 0.9701149425287356
358 0.9701149425287356
359 0.9701149425287356
360 0.9701149425287356
361 0.9701149425287356
362 0.8942528735632184
363 0.8942528735632184
364 0.9632183908045977
365 0.9632183908045977
366 0.9632183908045977
367 0.9632183908045977
368 0.9632183908045977
369 0.9632183908045977
370 0.9632183908045977
371 0.9632183908045977
372 0.9632183908045977
373 0.9632183908045977
374 0.9632183908045977
375 0.9632183908045977
376 0.9632183908045977
377 0.9632183908045977
378 0.9632183908045977
379 0.9632183908045977
380 0.9632183908045977
381 0.9632183908045977
382 0.9632183908045977
383 0.9632183908045977
384 0.9632183908045977
385 0.9632183908045977
386 0.9632183908045977
387 0.9632183908045977
388 0.9632183908045977
389 0.9632183908045977
390 0.9632183908045977
391 0.9632183908045977
392 0.9632183908045977
393 0.9632183908045977
394 0.9632183908045977
395 0.9632183908045977
396 0.9632183908045977
397 0.9632183908045977
398 0.9632183908045977
399 0.9632183908045977
400 0.9632183908045977
401 0.9632183908045977
402 0.9632183908045977
403 0.9632183908045977
404 0.9632183908045977
405 0.9632183908045977
406 0.9632183908045977
407 0.9632183908045977
408 0.9632183908045977
409 0.9632183908045977
410 0.9632183908045977
411 0.9632183908045977
412 0.9632183908045977
413 0.9632183908045977
414 0.9632183908045977
415 0.9632183908045977
416 0.9632183908045977
417 0.9632183908045977
418 0.9632183908045977
419 0.9632183908045977
420 0.9632183908045977
421 0.9632183908045977
422 0.9632183908045977
423 0.9632183908045977
424 0.9632183908045977
425 0.9632183908045977
426 0.9632183908045977
427 0.9632183908045977
428 0.9632183908045977
429 0.9632183908045977
430 0.9632183908045977
431 0.9310344827586207
432 0.9310344827586207
433 0.9310344827586207
434 0.9310344827586207
435 0.9310344827586207
436 0.9310344827586207
437 0.9310344827586207
438 0.9310344827586207
439 0.9310344827586207
440 0.9310344827586207
441 0.9310344827586207
442 0.9310344827586207
443 0.9310344827586207
444 0.9103448275862069
445 0.9103448275862069
446 0.9103448275862069
447 0.9103448275862069
448 0.9103448275862069
449 0.9103448275862069
450 0.9103448275862069
451 0.9103448275862069
452 0.9103448275862069
453 0.9103448275862069
454 0.9655172413793104
455 0.9655172413793104
456 0.9655172413793104
457 0.9655172413793104
458 0.9655172413793104
459 0.9655172413793104
460 0.9655172413793104
461 0.9655172413793104
462 0.9655172413793104
463 0.9655172413793104
464 0.9655172413793104
465 0.9655172413793104
466 0.9655172413793104
467 0.9655172413793104
468 0.9655172413793104
469 0.9655172413793104
470 0.9655172413793104
471 0.9655172413793104
472 0.9655172413793104
473 0.9655172413793104
474 0.9655172413793104
475 0.9655172413793104
476 0.9655172413793104
477 0.9655172413793104
478 0.9655172413793104
479 0.9655172413793104
480 0.9655172413793104
481 0.9655172413793104
482 0.9655172413793104
483 0.9655172413793104
484 0.9655172413793104
485 0.9655172413793104
486 0.9655172413793104
487 0.9655172413793104
488 0.9655172413793104
489 0.9655172413793104
490 0.9655172413793104
491 0.9655172413793104
492 0.9655172413793104
493 0.9655172413793104
494 0.9655172413793104
495 0.9655172413793104
496 0.9655172413793104
497 0.9655172413793104
498 0.9655172413793104
499 0.9655172413793104
500 0.9655172413793104
501 0.9655172413793104
502 0.9632183908045977
503 0.9632183908045977
504 0.9632183908045977
505 0.9632183908045977
506 0.9632183908045977
507 0.9632183908045977
508 0.9632183908045977
509 0.9632183908045977
510 0.9632183908045977
511 0.9632183908045977
512 0.9632183908045977
513 0.9632183908045977
514 0.9632183908045977
515 0.9632183908045977
516 0.9632183908045977
517 0.9632183908045977
518 0.9632183908045977
519 0.9632183908045977
520 0.9632183908045977
521 0.9632183908045977
522 0.9632183908045977
523 0.9632183908045977
524 0.9632183908045977
525 0.9632183908045977
526 0.9632183908045977
527 0.9632183908045977
528 0.9632183908045977
529 0.9632183908045977
530 0.9632183908045977
531 0.960919540229885
532 0.960919540229885
533 0.960919540229885
534 0.960919540229885
535 0.960919540229885
536 0.960919540229885
537 0.960919540229885
538 0.960919540229885
539 0.960919540229885
540 0.960919540229885
541 0.960919540229885
542 0.960919540229885
543 0.960919540229885
544 0.960919540229885
545 0.960919540229885
546 0.960919540229885
547 0.960919540229885
548 0.960919540229885
549 0.960919540229885
550 0.960919540229885
551 0.960919540229885
552 0.960919540229885
553 0.960919540229885
554 0.960919540229885
555 0.960919540229885
556 0.960919540229885
557 0.960919540229885
558 0.960919540229885
559 0.960919540229885
560 0.960919540229885
561 0.960919540229885
562 0.960919540229885
563 0.960919540229885
564 0.960919540229885
565 0.960919540229885
566 0.960919540229885
567 0.960919540229885
568 0.960919540229885
569 0.960919540229885
570 0.960919540229885
571 0.960919540229885
572 0.960919540229885
573 0.960919540229885
574 0.9632183908045977
575 0.9632183908045977
576 0.9632183908045977
577 0.9632183908045977
578 0.9632183908045977
579 0.9632183908045977
580 0.9632183908045977
581 0.9632183908045977
582 0.9632183908045977
583 0.9632183908045977
584 0.9632183908045977
585 0.9632183908045977
586 0.9632183908045977
587 0.9632183908045977
588 0.9632183908045977
589 0.9632183908045977
590 0.9632183908045977
591 0.9632183908045977
592 0.9632183908045977
593 0.9632183908045977
594 0.9632183908045977
595 0.9632183908045977
596 0.9632183908045977
597 0.9632183908045977
598 0.9632183908045977
599 0.9632183908045977
600 0.9632183908045977
601 0.9632183908045977
602 0.9632183908045977
603 0.9632183908045977
604 0.9632183908045977
605 0.9632183908045977
606 0.9632183908045977
607 0.9632183908045977
608 0.9632183908045977
609 0.9632183908045977
610 0.9632183908045977
611 0.9632183908045977
612 0.9632183908045977
613 0.9632183908045977
614 0.9632183908045977
615 0.9632183908045977
616 0.9632183908045977
617 0.9632183908045977
618 0.9632183908045977
619 0.9632183908045977
620 0.9632183908045977
621 0.9632183908045977
622 0.9632183908045977
623 0.9632183908045977
624 0.9632183908045977
625 0.9632183908045977
626 0.9632183908045977
627 0.9632183908045977
628 0.9632183908045977
629 0.9632183908045977
630 0.9632183908045977
631 0.9632183908045977
632 0.9632183908045977
633 0.9632183908045977
634 0.9632183908045977
635 0.9632183908045977
636 0.9632183908045977
637 0.9632183908045977
638 0.9632183908045977
639 0.9632183908045977
640 0.9632183908045977
641 0.9632183908045977
642 0.9632183908045977
643 0.9632183908045977
644 0.9632183908045977
645 0.9632183908045977
646 0.9632183908045977
647 0.9632183908045977
648 0.9632183908045977
649 0.9632183908045977
650 0.9632183908045977
651 0.9632183908045977
652 0.9632183908045977
653 0.9632183908045977
654 0.9632183908045977
655 0.9632183908045977
656 0.9632183908045977
657 0.9632183908045977
658 0.960919540229885
659 0.960919540229885
660 0.960919540229885
661 0.960919540229885
662 0.960919540229885
663 0.960919540229885
664 0.960919540229885
665 0.960919540229885
666 0.960919540229885
667 0.960919540229885
668 0.960919540229885
669 0.960919540229885
670 0.960919540229885
671 0.960919540229885
672 0.960919540229885
673 0.960919540229885
674 0.9540229885057471
675 0.9540229885057471
676 0.9540229885057471
677 0.9540229885057471
678 0.9540229885057471
679 0.9540229885057471
680 0.9540229885057471
681 0.9540229885057471
682 0.9540229885057471
683 0.9540229885057471
684 0.9540229885057471
685 0.9540229885057471
686 0.9540229885057471
687 0.9540229885057471
688 0.9540229885057471
689 0.9540229885057471
690 0.9540229885057471
691 0.9540229885057471
692 0.9540229885057471
693 0.9540229885057471
694 0.9540229885057471
695 0.9540229885057471
696 0.9540229885057471
697 0.9540229885057471
698 0.9540229885057471
699 0.9540229885057471
700 0.9540229885057471
