1 0.546875
2 0.546875
3 0.546875
4 0.453125
5 0.546875
6 0.546875
7 0.546875
8 0.453125
9 0.453125
10 0.546875
11 0.546875
12 0.546875
13 0.546875
14 0.453125
15 0.453125
16 0.453125
17 0.546875
18 0.546875
19 0.453125
20 0.453125
21 0.453125
22 0.453125
23 0.453125
24 0.546875
25 0.546875
26 0.546875
27 0.453125
28 0.453125
29 0.453125
30 0.546875
31 0.453125
32 0.546875
33 0.453125
34 0.453125
35 0.453125
36 0.453125
37 0.546875
38 0.546875
39 0.8125
40 0.8125
41 0.8125
42 0.8125
43 0.8125
44 0.8125
45 0.8125
46 0.546875
47 0.453125
48 0.453125
49 0.453125
50 0.453125
51 0.546875
52 0.546875
53 0.546875
54 0.546875
55 0.65625
56 0.65625
57 0.65625
58 0.65625
59 0.65625
60 0.65625
61 0.65625
62 0.65625
63 0.65625
64 0.65625
65 0.546875
66 0.546875
67 0.9375
68 0.453125
69 0.453125
70 0.484375
71 0.484375
72 0.546875
73 0.546875
74 0.9375
75 0.9375
76 0.546875
77 0.546875
78 0.75
79 0.75
80 0.75
81 0.546875
82 0.515625
83 0.546875
84 0.53125
85 0.53125
86 0.53125
87 0.53125
88 0.53125
89 0.546875
90 0.921875
91 0.921875
92 0.921875
93 0.921875
94 0.921875
95 0.921875
96 0.921875
97 0.921875
98 0.921875
99 0.921875
100 0.921875
101 0.921875
102 0.921875
103 0.921875
104 0.921875
105 0.921875
106 0.921875
107 0.921875
108 0.921875
109 0.921875
110 0.921875
111 0.921875
112 0.921875
113 0.921875
114 0.921875
115 0.921875
116 0.921875
117 0.546875
118 0.546875
119 0.546875
120 0.546875
121 0.9375
122 0.9375
123 0.9375
124 0.546875
125 0.546875
126 0.546875
127 0.921875
128 0.921875
129 0.921875
130 0.921875
131 0.921875
132 0.921875
133 0.546875
134 0.90625
135 0.90625
136 0.90625
137 0.90625
138 0.90625
139 0.90625
140 0.90625
141 0.90625
142 0.90625
143 0.90625
144 0.546875
145 0.546875
146 0.546875
147 0.546875
148 0.875
149 0.875
150 0.875
151 0.875
152 0.875
153 0.875
154 0.875
155 0.875
156 0.875
157 0.875
158 0.875
159 0.875
160 0.875
161 0.875
162 0.875
163 0.875
164 0.875
165 0.875
166 0.875
167 0.875
168 0.875
169 0.875
170 0.875
171 0.875
172 0.875
173 0.875
174 0.875
175 0.875
176 0.546875
177 0.5625
178 0.546875
179 0.546875
180 0.546875
181 0.65625
182 0.65625
183 0.65625
184 0.65625
185 0.546875
186 0.546875
187 0.546875
188 0.546875
189 0.546875
190 0.546875
191 0.796875
192 0.796875
193 0.796875
194 0.796875
195 0.796875
196 0.796875
197 0.546875
198 0.546875
199 0.546875
200 0.921875
201 0.921875
202 0.921875
203 0.921875
204 0.921875
205 0.921875
206 0.921875
207 0.921875
208 0.921875
209 0.921875
210 0.921875
211 0.921875
212 0.921875
213 0.546875
214 0.546875
215 0.546875
216 0.875
217 0.875
218 0.875
219 0.875
220 0.875
221 0.875
222 0.875
223 0.546875
224 0.546875
225 0.546875
226 0.546875
227 0.875
228 0.875
229 0.875
230 0.875
231 0.875
232 0.875
233 0.875
234 0.875
235 0.875
236 0.546875
237 0.546875
238 0.546875
239 0.75
240 0.75
241 0.546875
242 0.546875
243 0.890625
244 0.890625
245 0.890625
246 0.890625
247 0.890625
248 0.890625
249 0.890625
250 0.890625
251 0.890625
252 0.890625
253 0.890625
254 0.890625
255 0.890625
256 0.546875
257 0.890625
258 0.890625
259 0.546875
260 0.546875
261 0.546875
262 0.953125
263 0.953125
264 0.953125
265 0.953125
266 0.953125
267 0.953125
268 0.953125
269 0.953125
270 0.953125
271 0.953125
272 0.953125
273 0.953125
274 0.953125
275 0.953125
276 0.953125
277 0.953125
278 0.953125
279 0.953125
280 0.953125
281 0.953125
282 0.953125
283 0.953125
284 0.953125
285 0.953125
286 0.953125
287 0.953125
288 0.546875
289 0.890625
290 0.890625
291 0.890625
292 0.890625
293 0.890625
294 0.890625
295 0.890625
296 0.890625
297 0.890625
298 0.890625
299 0.890625
300 0.890625
301 0.890625
302 0.890625
303 0.890625
304 0.890625
305 0.890625
306 0.890625
307 0.890625
308 0.890625
309 0.890625
310 0.890625
311 0.546875
312 0.546875
313 0.546875
314 0.953125
315 0.953125
316 0.953125
317 0.953125
318 0.953125
319 0.953125
320 0.953125
321 0.953125
322 0.953125
323 0.953125
324 0.953125
325 0.953125
326 0.953125
327 0.953125
328 0.953125
329 0.953125
330 0.953125
331 0.953125
332 0.953125
333 0.953125
334 0.953125
335 0.953125
336 0.953125
337 0.953125
338 0.953125
339 0.953125
340 0.953125
341 0.953125
342 0.953125
343 0.953125
344 0.953125
345 0.953125
346 0.953125
347 0.953125
348 0.953125
349 0.953125
350 0.953125
351 0.953125
352 0.953125
353 0.953125
354 0.953125
355 0.953125
356 0.953125
357 0.953125
358 0.953125
359 0.953125
360 0.953125
361 0.953125
362 0.953125
363 0.953125
364 0.953125
365 0.546875
366 0.546875
367 0.921875
368 0.921875
369 0.921875
370 0.921875
371 0.921875
372 0.921875
373 0.921875
374 0.921875
375 0.921875
376 0.546875
377 0.546875
378 0.546875
379 0.546875
380 0.546875
381 0.546875
382 0.796875
383 0.796875
384 0.796875
385 0.796875
386 0.796875
387 0.546875
388 0.546875
389 0.546875
390 0.546875
391 0.546875
392 0.9375
393 0.9375
394 0.9375
395 0.9375
396 0.9375
397 0.546875
398 0.546875
399 0.9375
400 0.9375
401 0.546875
402 0.921875
403 0.921875
404 0.921875
405 0.546875
406 0.921875
407 0.921875
408 0.921875
409 0.5625
410 0.875
411 0.875
412 0.875
413 0.875
414 0.875
415 0.875
416 0.875
417 0.875
418 0.875
419 0.875
420 0.5625
421 0.5625
422 0.75
423 0.609375
424 0.53125
425 0.53125
426 0.53125
427 0.59375
428 0.578125
429 0.578125
430 0.578125
431 0.59375
432 0.75
433 0.75
434 0.5625
435 0.875
436 0.5625
437 0.875
438 0.875
439 0.875
440 0.875
441 0.875
442 0.875
443 0.875
444 0.875
445 0.875
446 0.875
447 0.875
448 0.875
449 0.875
450 0.875
451 0.875
452 0.5625
453 0.5625
454 0.875
455 0.875
456 0.875
457 0.875
458 0.875
459 0.875
460 0.875
461 0.875
462 0.875
463 0.5625
464 0.921875
465 0.921875
466 0.921875
467 0.921875
468 0.921875
469 0.921875
470 0.921875
471 0.921875
472 0.921875
473 0.921875
474 0.921875
475 0.921875
476 0.921875
477 0.921875
478 0.921875
479 0.921875
480 0.921875
481 0.921875
482 0.921875
483 0.921875
484 0.921875
485 0.921875
486 0.5625
487 0.5625
488 0.5625
489 0.5625
490 0.875
491 0.875
492 0.875
493 0.609375
494 0.578125
495 0.578125
496 0.625
497 0.625
498 0.625
499 0.625
500 0.625
501 0.625
502 0.625
503 0.75
504 0.75
505 0.75
506 0.59375
507 0.59375
508 0.59375
509 0.59375
510 0.859375
511 0.859375
512 0.859375
513 0.859375
514 0.859375
515 0.859375
516 0.625
517 0.625
518 0.625
519 0.625
520 0.625
521 0.796875
522 0.796875
523 0.796875
524 0.796875
525 0.796875
526 0.796875
527 0.609375
528 0.796875
529 0.796875
530 0.796875
531 0.796875
532 0.59375
533 0.59375
534 0.890625
535 0.890625
536 0.59375
537 0.59375
538 0.59375
539 0.59375
540 0.90625
541 0.90625
542 0.90625
543 0.90625
544 0.90625
545 0.90625
546 0.90625
547 0.90625
548 0.90625
549 0.90625
550 0.5625
551 0.5625
552 0.953125
553 0.953125
554 0.953125
555 0.953125
556 0.953125
557 0.953125
558 0.953125
559 0.953125
560 0.953125
561 0.953125
562 0.953125
563 0.953125
564 0.953125
565 0.953125
566 0.953125
567 0.953125
568 0.953125
569 0.953125
570 0.953125
571 0.953125
572 0.953125
573 0.953125
574 0.953125
575 0.953125
576 0.953125
577 0.953125
578 0.953125
579 0.953125
580 0.953125
581 0.953125
582 0.953125
583 0.953125
584 0.953125
585 0.953125
586 0.953125
587 0.953125
588 0.953125
589 0.953125
590 0.953125
591 0.953125
592 0.953125
593 0.5625
594 0.5625
595 0.5625
596 0.953125
597 0.953125
598 0.953125
599 0.953125
600 0.953125
601 0.953125
602 0.953125
603 0.953125
604 0.953125
605 0.578125
606 0.578125
607 0.578125
608 0.578125
609 0.578125
610 0.578125
611 0.578125
612 0.578125
613 0.921875
614 0.921875
615 0.921875
616 0.921875
617 0.921875
618 0.921875
619 0.578125
620 0.578125
621 0.921875
622 0.921875
623 0.921875
624 0.921875
625 0.921875
626 0.921875
627 0.59375
628 0.921875
629 0.921875
630 0.921875
631 0.640625
632 0.640625
633 0.640625
634 0.640625
635 0.859375
636 0.859375
637 0.859375
638 0.859375
639 0.859375
640 0.859375
641 0.859375
642 0.859375
643 0.859375
644 0.859375
645 0.859375
646 0.734375
647 0.75
648 0.75
649 0.75
650 0.734375
651 0.734375
652 0.734375
653 0.75
654 0.75
655 0.75
656 0.75
657 0.75
658 0.75
659 0.75
660 0.78125
661 0.75
662 0.890625
663 0.890625
664 0.890625
665 0.890625
666 0.65625
667 0.65625
668 0.65625
669 0.65625
670 0.9375
671 0.9375
672 0.9375
673 0.9375
674 0.9375
675 0.9375
676 0.9375
677 0.9375
678 0.9375
679 0.9375
680 0.9375
681 0.9375
682 0.9375
683 0.9375
684 0.9375
685 0.9375
686 0.9375
687 0.9375
688 0.9375
689 0.9375
690 0.9375
691 0.9375
692 0.9375
693 0.9375
694 0.9375
695 0.9375
696 0.9375
697 0.9375
698 0.9375
699 0.9375
700 0.9375
