1 0.453125
2 0.453125
3 0.546875
4 0.546875
5 0.453125
6 0.546875
7 0.546875
8 0.453125
9 0.546875
10 0.453125
11 0.546875
12 0.453125
13 0.546875
14 0.453125
15 0.453125
16 0.453125
17 0.453125
18 0.453125
19 0.546875
20 0.453125
21 0.453125
22 0.453125
23 0.453125
24 0.453125
25 0.453125
26 0.546875
27 0.453125
28 0.546875
29 0.546875
30 0.546875
31 0.453125
32 0.546875
33 0.546875
34 0.546875
35 0.453125
36 0.546875
37 0.453125
38 0.546875
39 0.546875
40 0.921875
41 0.921875
42 0.921875
43 0.921875
44 0.921875
45 0.921875
46 0.921875
47 0.921875
48 0.546875
49 0.75
50 0.75
51 0.75
52 0.546875
53 0.546875
54 0.546875
55 0.9375
56 0.9375
57 0.9375
58 0.9375
59 0.9375
60 0.9375
61 0.546875
62 0.546875
63 0.90625
64 0.90625
65 0.90625
66 0.90625
67 0.90625
68 0.90625
69 0.90625
70 0.90625
71 0.90625
72 0.90625
73 0.90625
74 0.90625
75 0.90625
76 0.546875
77 0.546875
78 0.546875
79 0.546875
80 0.75
81 0.75
82 0.75
83 0.75
84 0.75
85 0.546875
86 0.546875
87 0.9375
88 0.9375
89 0.9375
90 0.9375
91 0.9375
92 0.9375
93 0.9375
94 0.9375
95 0.546875
96 0.546875
97 0.796875
98 0.546875
99 0.546875
100 0.875
101 0.875
102 0.875
103 0.875
104 0.875
105 0.875
106 0.875
107 0.875
108 0.875
109 0.875
110 0.875
111 0.875
112 0.546875
113 0.75
114 0.546875
115 0.921875
116 0.921875
117 0.921875
118 0.921875
119 0.921875
120 0.921875
121 0.546875
122 0.546875
123 0.875
124 0.875
125 0.875
126 0.875
127 0.875
128 0.875
129 0.875
130 0.875
131 0.875
132 0.875
133 0.875
134 0.546875
135 0.546875
136 0.546875
137 0.546875
138 0.796875
139 0.796875
140 0.796875
141 0.796875
142 0.796875
143 0.796875
144 0.796875
145 0.796875
146 0.796875
147 0.796875
148 0.796875
149 0.546875
150 0.546875
151 0.65625
152 0.546875
153 0.875
154 0.875
155 0.546875
156 0.9375
157 0.9375
158 0.9375
159 0.9375
160 0.9375
161 0.9375
162 0.546875
163 0.875
164 0.875
165 0.875
166 0.875
167 0.875
168 0.875
169 0.875
170 0.875
171 0.875
172 0.875
173 0.875
174 0.875
175 0.875
176 0.875
177 0.875
178 0.875
179 0.875
180 0.875
181 0.875
182 0.875
183 0.875
184 0.875
185 0.875
186 0.875
187 0.875
188 0.875
189 0.875
190 0.875
191 0.875
192 0.875
193 0.875
194 0.546875
195 0.546875
196 0.75
197 0.75
198 0.546875
199 0.75
200 0.75
201 0.546875
202 0.546875
203 0.546875
204 0.75
205 0.546875
206 0.546875
207 0.875
208 0.875
209 0.875
210 0.546875
211 0.546875
212 0.546875
213 0.546875
214 0.921875
215 0.921875
216 0.921875
217 0.546875
218 0.546875
219 0.859375
220 0.859375
221 0.859375
222 0.546875
223 0.546875
224 0.609375
225 0.609375
226 0.609375
227 0.5625
228 0.515625
229 0.546875
230 0.546875
231 0.546875
232 0.546875
233 0.546875
234 0.546875
235 0.75
236 0.75
237 0.75
238 0.75
239 0.75
240 0.5625
241 0.5625
242 0.5625
243 0.5625
244 0.5625
245 0.546875
246 0.546875
247 0.546875
248 0.5625
249 0.5625
250 0.5625
251 0.5625
252 0.5625
253 0.75
254 0.75
255 0.75
256 0.5625
257 0.5625
258 0.5625
259 0.5625
260 0.53125
261 0.53125
262 0.5625
263 0.5625
264 0.75
265 0.5625
266 0.5625
267 0.65625
268 0.65625
269 0.578125
270 0.578125
271 0.65625
272 0.578125
273 0.578125
274 0.578125
275 0.578125
276 0.578125
277 0.65625
278 0.65625
279 0.65625
280 0.65625
281 0.65625
282 0.65625
283 0.59375
284 0.59375
285 0.59375
286 0.5625
287 0.5625
288 0.890625
289 0.890625
290 0.890625
291 0.5625
292 0.5625
293 0.875
294 0.875
295 0.875
296 0.875
297 0.5625
298 0.5625
299 0.5625
300 0.75
301 0.75
302 0.75
303 0.75
304 0.5625
305 0.5625
306 0.5625
307 0.875
308 0.875
309 0.875
310 0.875
311 0.875
312 0.875
313 0.875
314 0.5625
315 0.875
316 0.875
317 0.875
318 0.875
319 0.875
320 0.875
321 0.578125
322 0.578125
323 0.578125
324 0.578125
325 0.578125
326 0.875
327 0.875
328 0.875
329 0.5625
330 0.5625
331 0.890625
332 0.890625
333 0.890625
334 0.890625
335 0.890625
336 0.890625
337 0.890625
338 0.5625
339 0.890625
340 0.890625
341 0.890625
342 0.890625
343 0.890625
344 0.890625
345 0.890625
346 0.5625
347 0.875
348 0.875
349 0.59375
350 0.59375
351 0.875
352 0.875
353 0.875
354 0.609375
355 0.609375
356 0.609375
357 0.609375
358 0.609375
359 0.609375
360 0.609375
361 0.609375
362 0.75
363 0.75
364 0.640625
365 0.640625
366 0.640625
367 0.53125
368 0.640625
369 0.640625
370 0.640625
371 0.65625
372 0.65625
373 0.65625
374 0.6875
375 0.609375
376 0.609375
377 0.609375
378 0.890625
379 0.890625
380 0.890625
381 0.890625
382 0.890625
383 0.890625
384 0.890625
385 0.890625
386 0.890625
387 0.484375
388 0.890625
389 0.890625
390 0.890625
391 0.46875
392 0.46875
393 0.890625
394 0.890625
395 0.890625
396 0.890625
397 0.515625
398 0.890625
399 0.890625
400 0.890625
401 0.890625
402 0.890625
403 0.53125
404 0.875
405 0.875
406 0.875
407 0.875
408 0.875
409 0.875
410 0.875
411 0.875
412 0.875
413 0.875
414 0.875
415 0.875
416 0.875
417 0.875
418 0.875
419 0.875
420 0.875
421 0.875
422 0.875
423 0.875
424 0.875
425 0.875
426 0.5625
427 0.5625
428 0.875
429 0.875
430 0.875
431 0.875
432 0.875
433 0.5625
434 0.5625
435 0.5625
436 0.78125
437 0.640625
438 0.6875
439 0.75
440 0.75
441 0.75
442 0.75
443 0.75
444 0.65625
445 0.65625
446 0.65625
447 0.65625
448 0.796875
449 0.796875
450 0.640625
451 0.640625
452 0.640625
453 0.640625
454 0.875
455 0.875
456 0.875
457 0.875
458 0.875
459 0.875
460 0.875
461 0.875
462 0.875
463 0.875
464 0.875
465 0.875
466 0.875
467 0.875
468 0.875
469 0.875
470 0.875
471 0.875
472 0.875
473 0.875
474 0.875
475 0.875
476 0.625
477 0.625
478 0.625
479 0.625
480 0.875
481 0.875
482 0.875
483 0.875
484 0.875
485 0.875
486 0.875
487 0.875
488 0.625
489 0.75
490 0.890625
491 0.890625
492 0.890625
493 0.890625
494 0.890625
495 0.890625
496 0.890625
497 0.890625
498 0.890625
499 0.890625
500 0.890625
501 0.890625
502 0.890625
503 0.65625
504 0.875
505 0.875
506 0.875
507 0.875
508 0.875
509 0.875
510 0.71875
511 0.71875
512 0.734375
513 0.75
514 0.75
515 0.875
516 0.875
517 0.875
518 0.875
519 0.875
520 0.875
521 0.875
522 0.875
523 0.875
524 0.875
525 0.875
526 0.75
527 0.75
528 0.75
529 0.75
530 0.75
531 0.75
532 0.75
533 0.75
534 0.75
535 0.75
536 0.75
537 0.75
538 0.875
539 0.875
540 0.875
541 0.875
542 0.875
543 0.875
544 0.875
545 0.875
546 0.875
547 0.609375
548 0.890625
549 0.890625
550 0.75
551 0.75
552 0.75
553 0.890625
554 0.890625
555 0.890625
556 0.890625
557 0.65625
558 0.65625
559 0.65625
560 0.890625
561 0.890625
562 0.75
563 0.890625
564 0.890625
565 0.890625
566 0.890625
567 0.890625
568 0.890625
569 0.890625
570 0.890625
571 0.890625
572 0.890625
573 0.890625
574 0.890625
575 0.890625
576 0.890625
577 0.890625
578 0.890625
579 0.890625
580 0.890625
581 0.890625
582 0.890625
583 0.890625
584 0.890625
585 0.890625
586 0.890625
587 0.890625
588 0.890625
589 0.890625
590 0.75
591 0.75
592 0.75
593 0.75
594 0.75
595 0.8125
596 0.796875
597 0.796875
598 0.796875
599 0.796875
600 0.796875
601 0.796875
602 0.796875
603 0.71875
604 0.875
605 0.875
606 0.875
607 0.875
608 0.875
609 0.875
610 0.875
611 0.8125
612 0.8125
613 0.8125
614 0.8125
615 0.8125
616 0.8125
617 0.8125
618 0.8125
619 0.8125
620 0.8125
621 0.796875
622 0.796875
623 0.796875
624 0.796875
625 0.796875
626 0.796875
627 0.796875
628 0.796875
629 0.796875
630 0.796875
631 0.796875
632 0.796875
633 0.6875
634 0.6875
635 0.6875
636 0.6875
637 0.796875
638 0.796875
639 0.734375
640 0.734375
641 0.734375
642 0.875
643 0.671875
644 0.671875
645 0.859375
646 0.859375
647 0.859375
648 0.859375
649 0.859375
650 0.859375
651 0.859375
652 0.859375
653 0.8125
654 0.8125
655 0.8125
656 0.8125
657 0.859375
658 0.859375
659 0.859375
660 0.859375
661 0.859375
662 0.859375
663 0.859375
664 0.828125
665 0.828125
666 0.828125
667 0.828125
668 0.828125
669 0.828125
670 0.828125
671 0.828125
672 0.828125
673 0.875
674 0.875
675 0.875
676 0.875
677 0.875
678 0.875
679 0.875
680 0.875
681 0.875
682 0.875
683 0.890625
684 0.890625
685 0.890625
686 0.890625
687 0.890625
688 0.890625
689 0.890625
690 0.890625
691 0.796875
692 0.890625
693 0.890625
694 0.890625
695 0.890625
696 0.890625
697 0.890625
698 0.75
699 0.75
700 0.75
